# t u
 0.0000000000000000e+00 0.0000000000000000e+00
 1.0000000000000000e+00 9.1629072916109977e-01
 2.0000000000000000e+00 1.6094373385977450e+00
 3.0000000000000000e+00 2.1400658168988351e+00
 4.0000000000000000e+00 2.5649491442967993e+00
 5.0000000000000000e+00 2.9177705644989040e+00
 6.0000000000000000e+00 3.2188757494642770e+00
 7.0000000000000000e+00 3.4812399816495838e+00
 8.0000000000000000e+00 3.7135720007612725e+00
 9.0000000000000000e+00 3.9219732594258789e+00
 1.0000000000000000e+01 4.1108738385755652e+00
